
#include "TCSMHit.h"

////////////////////////////////////////////////////////////////
//
// TCSMHit
//
// This class contains individual CSM Hits.
// Data such as hit energy and position is here.
//
////////////////////////////////////////////////////////////////

ClassImp(TCSMHit)

TCSMHit::TCSMHit()	{	
   Class()->IgnoreTObjectStreamer(true);
   Clear();
}

TCSMHit::~TCSMHit()	{	}

void TCSMHit::SetIsotope(Int_t Mass, TString Element)
{
//Sets isotope mass and element.
  
  Element.ToLower(); //This is just to standardize things.
  
  if( isotope_mass != -1 || isotope_element != "default")
  {
    if( isotope_mass != Mass || isotope_element != Element)
    {
      std::cerr<<"  Warning: Istope redefinition.  Overwriting."<<std::endl;
      std::cerr<<"  "<<isotope_mass<<isotope_element<<" --> "<<Mass<<Element<<std::endl;
    }
  }
    
  isotope_mass = Mass;
  isotope_element = Element;
}

void TCSMHit::SetIsotope(TString Info)
{
  TString Mass;
  TString Element;
  
  if(TString(Info(0,2)).IsDigit())
  {
    Mass=Info(0,2);
    Element=Info(2,4);
  }
  else if(TString(Info(2,4)).IsDigit())
  {
    Mass=Info(2,4);
    Element=Info(0,2);
  }

  Element.ToLower();

  if( isotope_mass != -1 || isotope_element != "default")
  {
    if( isotope_mass != Mass.Atof() || isotope_element != Element)
    {
      std::cerr<<"  Warning: Istope redefinition.  Overwriting."<<std::endl;
      std::cerr<<"  "<<isotope_mass<<isotope_element<<" --> "<<Mass.Atof()<<Element<<std::endl;
    }
  }

  //std::cout<<"Testing SetIsotope, input: "<<Info<<", Parsed Mass: "<<Mass<<" , Parsed Element: "<<Element<<std::endl;
  isotope_mass = Mass.Atof();
  isotope_element = Element;
}

TString TCSMHit::GetIsotope() const
{
  TString returnedString;

  returnedString.Clear();

  returnedString = Form("%d", isotope_mass) + isotope_element;

  if(returnedString == "-1default")
    returnedString = "default";  //I like to drop the -1 for usability reasons.

  return returnedString;
}

Double_t TCSMHit::GetCorrectedEnergyMeV()
{
  if(!IsotopeSet())
  {
    std::cerr<<" Caution: Correcting Energy when Isotope isn't set!"<<std::endl;
    return(GetEnergyMeV());
  }
  
  return( GetCorrectedEnergyMeV(GetIsotope()));
}

Double_t TCSMHit::GetCorrectedEnergyMeV(TString tempIsotope)
{
  return(GetCorrectedEnergyMeVTarget(GetCorrectedEnergyMeVDetector(tempIsotope),tempIsotope));
}

Double_t TCSMHit::GetCorrectedEnergyMeVTarget(double energy)
{
  if(!IsotopeSet())
  {
    std::cerr<<" Caution: Correcting Energy when Isotope isn't set!"<<std::endl;
    return(GetEnergyMeV());
  }

  return( GetCorrectedEnergyMeVTarget(energy,GetIsotope()));
}

Double_t TCSMHit::GetCorrectedEnergyMeVTarget(double energy, TString tempIsotope)
{
  bool debugCE = 0;
  
  Double_t E = energy;
  
  if(debugCE) std::cout<<"My initial energy is: "<<E<<" MeV"<<std::endl;
  double effthick = 2.4/1000.; //This function uses mm not um.
  effthick = effthick/2.; //We assume we only go through half on average.
  if(debugCE) std::cout<<"Half of the thickness of the Target is: "<<effthick<<" mm"<<std::endl;
  effthick = effthick/cos(GetTheta()); //This takes into account the angle effect, the minimum is perpindicular
  if(debugCE) std::cout<<"The effective thickness is: "<<effthick<<" mm, due to an angle of: "<<GetThetaDeg()<<" degrees"<<std::endl;
  
  Double_t elost = 0.;

  tempIsotope.ToLower();

  if(debugCE) std::cout<<"tempIsotope is: "<<tempIsotope<<std::endl;

  double Energy[56]={0.5	,0.55	,0.6	,0.65	,0.7	,0.8	,0.9	,1	,1.1	,1.2	,1.3	,1.4	,1.5	,1.6	,1.7	,1.8	,2	,2.25	,2.5	,2.75	,3	,3.25	,3.5	,3.75	,4	,4.5	,5	,5.5	,6	,6.5	,7	,8	,9	,10	,11	,12	,13	,14	,15	,16	,17	,18	,20	,22.5	,25	,27.5	,30	,32.5	,35	,37.5	,40	,45	,50	,55	,60	,65};

  double StoppingPower[56];
  
  
  if(tempIsotope == "12be")
  {
    double tmpArray[] = {512.028	,533.013	,552.56	,570.855	,588.089	,619.747	,647.792	,672.902	,695.36	,715.354	,733.176	,749.022	,763.086	,775.566	,786.658	,796.362	,812.395	,826.925	,836.586	,842.37	,845.172	,845.488	,843.915	,840.851	,836.4942	,825.1983	,811.4202	,796.2553	,780.3004	,764.0534	,747.7126	,715.8453	,685.392	,656.7487	,630.0127	,605.1823	,582.0563	,560.5338	,540.6141	,521.8967	,504.5812	,488.2674	,458.7436	,426.6194	,398.8998	,371.9836	,346.7699	,326.2582	,308.048	,291.7392	,277.1314	,252.0182	,231.1076	,213.39875	,198.29132	,185.18498};

    for(int i=0; i<56;i++)
      StoppingPower[i] = tmpArray[i];
  }

  else if(tempIsotope ==  "11be")
  {
    double tmpArray[] = {531.108	,552.523	,572.496	,591.213	,608.667	,640.557	,668.629	,693.46	,715.335	,734.644	,751.68	,766.637	,779.812	,791.2	,801.201	,809.812	,823.458	,835.2	,842.072	,845.165	,845.474	,843.496	,839.729	,834.6697	,828.5174	,814.0288	,797.6567	,780.2967	,762.5461	,744.7026	,727.265	,693.4029	,661.7537	,632.3137	,605.0805	,579.9525	,556.7285	,535.3077	,515.3895	,496.9735	,479.7592	,463.8464	,434.8245	,403.7022	,374.3841	,346.7691	,324.4565	,304.8457	,287.5364	,272.1282	,258.321	,234.5089	,214.79908	,198.19095	,183.98411	,171.77826};

    for(int i=0; i<56;i++)
      StoppingPower[i] = tmpArray[i];
  }

  else if(tempIsotope ==  "10be")
  {
    double tmpArray[] = {552.679	,574.526	,594.924	,613.865	,631.538	,663.361	,691.26	,715.513	,736.607	,755.032	,770.881	,784.65	,796.534	,806.632	,815.141	,822.359	,833.318	,841.573	,845.156	,845.358	,842.775	,838.303	,832.2416	,825.0874	,817.0394	,799.1583	,780.0922	,760.5373	,741.0909	,721.8512	,703.2167	,667.6598	,634.9148	,604.8782	,577.3478	,552.1222	,529.0002	,507.6812	,488.0646	,469.8499	,453.0369	,437.4252	,409.2051	,377.1847	,346.5682	,322.1545	,301.043	,282.6331	,266.3246	,251.8171	,238.8105	,216.49946	,198.09048	,182.58306	,169.3768	,158.07146};

    for(int i=0; i<56;i++)
      StoppingPower[i] = tmpArray[i];
  }

  else if(tempIsotope ==  "9be")
  {
    double tmpArray[] = {576.847	,599.224	,619.85	,638.913	,656.607	,688.263	,715.489	,738.764	,758.677	,775.717	,790.18	,802.261	,812.456	,820.863	,827.78	,833.306	,840.877	,845.146	,845.139	,841.95	,836.3748	,829.2101	,820.6539	,811.3047	,801.2611	,780.0875	,758.4275	,736.7777	,715.5356	,695.0995	,675.3683	,638.4167	,604.8758	,574.4426	,546.8151	,521.6918	,498.772	,477.7547	,458.5397	,440.8264	,424.4145	,409.2039	,380.7857	,346.5673	,319.6523	,296.7399	,276.9294	,259.6205	,244.4128	,230.906	,218.8	,198.09002	,181.08189	,166.77516	,154.6695	,144.26466};

    for(int i=0; i<56;i++)
      StoppingPower[i] = tmpArray[i];
  }

  else if(tempIsotope ==  "4he")
  {
    double tmpArray[] = {334.9847	,333.9397	,332.0014	,329.3686	,326.24	,319.0928	,311.1552	,302.9246	,294.6991	,286.5775	,278.759	,271.143	,263.9289	,256.9165	,250.3054	,243.9955	,232.1783	,219.061	,207.3468	,196.8351	,187.5252	,179.0167	,171.4093	,164.4029	,158.09719	,146.8876	,137.37981	,129.07335	,121.86791	,115.56325	,109.95922	,100.35259	,92.04735	,84.3531	,78.32958	,73.18662	,68.73408	,64.84189	,61.40998	,58.35829	,55.62679	,53.15545	,48.87314	,44.48081	,40.86893	,37.84736	,35.28605	,33.06493	,31.13396	,29.44311	,27.93237	,25.38111	,23.2801	,21.539261	,20.058556	,18.787954};

    for(int i=0; i<56;i++)
      StoppingPower[i] = tmpArray[i];
  }

  else if(tempIsotope ==  "6he")
  {
    double tmpArray[] = {327.3591	,330.7931	,333.1372	,334.4891	,335.0473	,334.478	,332.1229	,328.478	,324.1406	,319.2089	,313.9818	,308.6582	,303.1375	,297.6192	,292.2029	,286.8883	,276.4632	,264.1376	,252.7167	,242.1994	,232.4848	,223.4723	,215.2615	,207.552	,200.4436	,187.7295	,176.618	,166.9085	,158.3004	,150.69357	,143.78762	,131.87783	,122.07009	,113.76381	,106.65861	,100.45423	,94.98048	,89.46724	,84.51441	,80.38191	,76.6697	,73.31771	,67.5143	,61.53085	,56.60806	,52.48575	,48.9738	,45.93214	,43.29071	,40.94945	,38.87835	,35.35649	,32.46499	,30.04374	,27.9927	,26.22181};

    for(int i=0; i<56;i++)
      StoppingPower[i] = tmpArray[i];
  }

  else if(tempIsotope ==  "13c")
  {
    double tmpArray[] = {796.23	,830.35	,861.89	,891.04	,918.164	,967.008	,1009.741	,1047.111	,1080.582	,1110.133	,1136.745	,1160.407	,1182.109	,1200.845	,1218.608	,1234.395	,1261.028	,1288.651	,1309.344	,1325.087	,1336.869	,1345.682	,1351.519	,1355.376	,1356.249	,1356.035	,1349.86	,1340.715	,1329.591	,1315.486	,1301.394	,1270.242	,1237.122	,1204.024	,1170.9427	,1138.8739	,1107.815	,1078.764	,1049.7193	,1022.6798	,996.5446	,971.7131	,925.3589	,873.1039	,826.4592	,784.4221	,740.8908	,699.8641	,665.8409	,635.1207	,607.3028	,558.4727	,517.1483	,481.828	,451.111	,424.2964};

    for(int i=0; i<56;i++)
      StoppingPower[i] = tmpArray[i];
  }

  else
  {
    std::cerr<<"Unsupported Isotope in Energy Correction for Target: "<<tempIsotope<<std::endl;
    return(GetEnergyMeV());
  }


  //TGraph *stGraph = new TGraph(56, Energy, StoppingPower);
  TSpline3 *spline = new TSpline3("myspline", Energy, StoppingPower, 56);

  if(debugCE) std::cout<<"Linear Approx is: "<<spline->Eval(E)*effthick<<" MeV"<<std::endl;

  const double stepsize = effthick/100.;

  if(debugCE) std::cout<<"Entering Loop"<<std::endl;
  while(effthick > 0.)
  {
    if(debugCE) std::cout<<"effthick is: "<<effthick<<std::endl;
    if(debugCE) std::cout<<"adding "<<spline->Eval(E+elost)*stepsize<<" to elost"<<std::endl;
    
    elost += spline->Eval(E+elost)*stepsize;

    if(debugCE) std::cout<<"elost is at "<<elost<<std::endl;
    
    effthick -= stepsize;
  }
    
  if(debugCE) std::cout<<"My energy lost is: "<<elost<<" MeV"<<std::endl<<std::endl;
  
  delete spline;
  
  return((E+elost));
}

Double_t TCSMHit::GetCorrectedEnergyMeVDetector()
{
  if(!IsotopeSet())
  {
    std::cerr<<" Caution: Correcting Energy when Isotope isn't set!"<<std::endl;
    return(GetEnergyMeV());
  }
  
  return( GetCorrectedEnergyMeVDetector(GetIsotope()));
}

Double_t TCSMHit::GetCorrectedEnergyMeVDetector(TString tempIsotope)
{
  bool debugCE = 0;
  
  Double_t E = GetEnergyMeV();  //Go from keV to MeV
  
  if(debugCE) std::cout<<"My initial energy is: "<<E<<" MeV"<<std::endl;
  double effthick = 0.0003; //3000 Angstrom in mm
  effthick = effthick/cos(GetTheta() - 31.*TMath::Pi()/180.); //This takes into account the angle effect, the minimum is perpindicular
  if(debugCE) std::cout<<"The effective thickness is: "<<effthick<<" mm, due to an angle of: "<<GetThetaDeg()-31.<<" degrees"<<std::endl;
  
  Double_t elost = 0.;
  
  tempIsotope.ToLower();
  
  if(debugCE) std::cout<<"tempIsotope is: "<<tempIsotope<<std::endl;
  
  double Energy[56]={0.5	,0.55	,0.6	,0.65	,0.7	,0.8	,0.9	,1	,1.1	,1.2	,1.3	,1.4	,1.5	,1.6	,1.7	,1.8	,2	,2.25	,2.5	,2.75	,3	,3.25	,3.5	,3.75	,4	,4.5	,5	,5.5	,6	,6.5	,7	,8	,9	,10	,11	,12	,13	,14	,15	,16	,17	,18	,20	,22.5	,25	,27.5	,30	,32.5	,35	,37.5	,40	,45	,50	,55	,60	,65};
  
  double StoppingPowerAl[56];
  
  
  if(tempIsotope == "12be")
  {
    double tmpArray[] = {488.47	,511.603	,533.518	,554.096	,573.627	,609.21	,640.613	,668.303	,692.559	,713.766	,732.213	,748.391	,762.296	,774.423	,784.768	,793.728	,807.686	,819.438	,826.335	,829.665	,830.221	,828.897	,825.989	,822.094	,817.31	,806.168	,793.851	,781.054	,768.172	,755.401	,742.9399	,719.1385	,696.9579	,676.1922	,656.9376	,638.8914	,621.9519	,606.0175	,590.9874	,576.7608	,563.1371	,550.3159	,526.2793	,499.0422	,474.712	,450.087	,426.0658	,406.0477	,387.8321	,371.0184	,355.5063	,327.7858	,303.7693	,282.8555	,264.544	,248.2341	};
    
    for(int i=0; i<56;i++)
      StoppingPowerAl[i] = tmpArray[i];
  }
  
  else if(tempIsotope ==  "11be")
  {
    double tmpArray[] = {509.639	,533.515	,556.067	,577.178	,596.838	,632.568	,663.609	,690.532	,713.814	,733.944	,751.11	,765.907	,778.427	,789.067	,798.024	,805.595	,816.772	,825.344	,829.457	,830.2	,828.668	,825.353	,820.754	,815.367	,809.289	,796.058	,782.151	,768.061	,754.1857	,740.6208	,727.5643	,702.671	,679.7968	,658.5364	,638.7862	,620.3437	,603.1073	,586.8757	,571.548	,557.1236	,543.4018	,530.2823	,506.0487	,478.8145	,452.1867	,425.8637	,404.1443	,384.4276	,366.4132	,349.9006	,334.7895	,307.7707	,284.5555	,264.3429	,246.7323	,231.2232	};
    
    for(int i=0; i<56;i++)
      StoppingPowerAl[i] = tmpArray[i];
  }
  
  else if(tempIsotope ==  "10be")
  {
    double tmpArray[] = {533.7,558.321,581.31,602.654,622.543,657.921,688.202,713.956,735.866,754.419,770.005,783.019,793.855,802.809,810.078,815.96,	824.157,829.248,830.177,828.334,824.413,819.109,812.918,806.038,798.667,783.447,767.95,752.6681,737.799,723.5397,709.7882,684.003,660.3354,638.5802,618.3344,599.5957,581.9625,565.5336,549.9084,535.2861,521.3662,508.1484,483.6178,454.7866,425.6613,401.9403,380.5226,361.2074,343.4943,327.3828,312.6727,286.5556,264.2417,244.9302,228.2205,213.6122};
    
    for(int i=0; i<56;i++)
      StoppingPowerAl[i] = tmpArray[i];
  }
  
  else if(tempIsotope ==  "9be")
  {
    double tmpArray[] = {533.7	,558.321	,581.31	,602.654	,622.543	,657.921	,688.202	,713.956	,735.866	,754.419	,770.005	,783.019	,793.855	,802.809	,810.078	,815.96	,824.157	,829.248	,830.177	,828.334	,824.413	,819.109	,812.918	,806.038	,798.667	,783.447	,767.95	,752.6681	,737.799	,723.5397	,709.7882	,684.003	,660.3354	,638.5802	,618.3344	,599.5957	,581.9625	,565.5336	,549.9084	,535.2861	,521.3662	,508.1484	,483.6178	,454.7866	,425.6613	,401.9403	,380.5226	,361.2074	,343.4943	,327.3828	,312.6727	,286.5556	,264.2417	,244.9302	,228.2205	,213.6122	};
    
    for(int i=0; i<56;i++)
      StoppingPowerAl[i] = tmpArray[i];
  }
  
  else if(tempIsotope ==  "4he")
  {
    double tmpArray[] = {362.6301	,362.9685	,362.2161	,360.5709	,358.3315	,352.366	,345.3136	,337.6707	,329.8349	,321.9044	,314.0783	,306.3555	,299.0355	,291.8177	,285.0019	,278.3877	,266.0631	,252.1381	,239.6176	,228.4006	,218.2862	,209.0739	,200.6631	,193.0537	,186.0454	,173.6314	,163.0199	,153.8104	,145.7023	,138.49545	,132.18948	,121.27962	,111.97182	,103.26547	,96.52021	,90.67577	,85.58197	,81.08868	,77.1058	,73.53326	,70.321	,67.40897	,62.31549	,57.05196	,52.6891	,49.00673	,45.86473	,43.13303	,40.74155	,38.63026	,36.74912	,33.5372	,30.88565	,28.66437	,26.77328	,25.14236	};
    
    for(int i=0; i<56;i++)
      StoppingPowerAl[i] = tmpArray[i];
  }
  
  else if(tempIsotope ==  "6he")
  {
    double tmpArray[] = {348.033	,353.242	,357.064	,359.7973	,361.6389	,363.0417	,362.2639	,360.0003	,356.6471	,352.6019	,347.963	,343.0292	,337.8994	,332.6731	,327.4496	,322.1284	,311.7919	,299.2547	,287.5243	,276.599	,266.3775	,256.9592	,248.1432	,239.9292	,232.3168	,218.5959	,206.4788	,195.8646	,186.3526	,177.8424	,170.2335	,157.0188	,145.9072	,136.59771	,128.48986	,121.48324	,115.27758	,109.07267	,103.46837	,98.85458	,94.66121	,90.84819	,84.183	,77.24774	,71.49347	,66.61993	,62.43695	,58.8044	,55.62219	,52.79027	,50.26857	,45.95571	,42.38339	,39.38147	,36.81985	,34.60847	};
    
    for(int i=0; i<56;i++)
      StoppingPowerAl[i] = tmpArray[i];
  }
  
  else if(tempIsotope ==  "13c")
  {
    double tmpArray[] = {757.33	,794.24	,829.03	,861.64	,892.17	,947.36	,995.6	,1037.33	,1074.594	,1106.964	,1135.419	,1159.942	,1181.52	,1201.145	,1217.808	,1232.505	,1256.978	,1280.437	,1296.992	,1308.619	,1316.303	,1322.029	,1324.791	,1326.582	,1326.396	,1324.08	,1318.821	,1312.605	,1304.422	,1295.265	,1286.128	,1266.901	,1247.72	,1227.573	,1208.45	,1189.346	,1170.257	,1151.18	,1133.112	,1115.052	,1097.9982	,1080.9501	,1047.8674	,1007.7832	,970.7147	,936.0578	,897.5098	,859.8686	,828.1329	,798.3017	,770.4741	,719.5275	,674.3896	,634.1583	,598.2318	,565.9091	};
    
    for(int i=0; i<56;i++)
      StoppingPowerAl[i] = tmpArray[i];
  }
  
  else
  {
    std::cerr<<"Unsupported Isotope in Energy Correction for Dead Layer: "<<tempIsotope<<std::endl;
    return(GetEnergyMeV());
  }
  
  
  //TGraph *stGraph = new TGraph(56, Energy, StoppingPowerAl);
  TSpline3 *spline = new TSpline3("myspline", Energy, StoppingPowerAl, 56);
  
  //if(debugCE) std::cout<<"Linear Approx is: "<<spline->Eval(E)*effthick<<" MeV"<<std::endl;
  
//   const double stepsize = effthick/100.;
//   
//   if(debugCE) std::cout<<"Entering Loop"<<std::endl;
//   while(effthick > 0.)
//   {
//     if(debugCE) std::cout<<"effthick is: "<<effthick<<std::endl;
//     if(debugCE) std::cout<<"adding "<<spline->Eval(E+elost)*stepsize<<" to elost"<<std::endl;
//     
//     elost += spline->Eval(E+elost)*stepsize;
//     
//     if(debugCE) std::cout<<"elost is at "<<elost<<std::endl;
//     
//     effthick -= stepsize;
//   }

  elost = spline->Eval(E)*effthick;
  
  if(debugCE) std::cout<<"My energy lost is: "<<elost<<" MeV"<<std::endl<<"SRIM says it should be ~.2 MeV"<<std::endl<<std::endl;
  
  delete spline;
  
  return((E+elost));
}

Double_t TCSMHit::GetSolidAngleD()
{
  if(GetDetectorNumber() == 1)
  {
    Double_t solidangle1D[16][16] = {0.00173681,0.00181111,0.00187912,0.00193911,0.00198943,0.00202862,0.00205547,0.00206912,0.00206912,0.00205547,0.00202862,0.00198943,0.00193911,0.00187912,0.00181111,0.00173681,
    0.00181111,0.00189087,0.001964,0.00202862,0.00208291,0.00212524,0.00215426,0.00216902,0.00216902,0.00215426,0.00212524,0.00208291,0.00202862,0.001964,0.00189087,0.00181111,
    0.00187912,0.001964,0.00204197,0.00211097,0.00216902,0.00221432,0.0022454,0.00226122,0.00226122,0.0022454,0.00221432,0.00216902,0.00211097,0.00204197,0.001964,0.00187912,
    0.00193911,0.00202862,0.00211097,0.00218395,0.0022454,0.00229341,0.00232637,0.00234315,0.00234315,0.00232637,0.00229341,0.0022454,0.00218395,0.00211097,0.00202862,0.00193911,
    0.00198943,0.00208291,0.00216902,0.0022454,0.0023098,0.00236014,0.00239472,0.00241233,0.00241233,0.00239472,0.00236014,0.0023098,0.0022454,0.00216902,0.00208291,0.00198943,
    0.00202862,0.00212524,0.00221432,0.00229341,0.00236014,0.00241233,0.0024482,0.00246647,0.00246647,0.0024482,0.00241233,0.00236014,0.00229341,0.00221432,0.00212524,0.00202862,
    0.00205547,0.00215426,0.0022454,0.00232637,0.00239472,0.0024482,0.00248497,0.00250371,0.00250371,0.00248497,0.0024482,0.00239472,0.00232637,0.0022454,0.00215426,0.00205547,
    0.00206912,0.00216902,0.00226122,0.00234315,0.00241233,0.00246647,0.00250371,0.00252267,0.00252267,0.00250371,0.00246647,0.00241233,0.00234315,0.00226122,0.00216902,0.00206912,
    0.00206912,0.00216902,0.00226122,0.00234315,0.00241233,0.00246647,0.00250371,0.00252267,0.00252267,0.00250371,0.00246647,0.00241233,0.00234315,0.00226122,0.00216902,0.00206912,
    0.00205547,0.00215426,0.0022454,0.00232637,0.00239472,0.0024482,0.00248497,0.00250371,0.00250371,0.00248497,0.0024482,0.00239472,0.00232637,0.0022454,0.00215426,0.00205547,
    0.00202862,0.00212524,0.00221432,0.00229341,0.00236014,0.00241233,0.0024482,0.00246647,0.00246647,0.0024482,0.00241233,0.00236014,0.00229341,0.00221432,0.00212524,0.00202862,
    0.00198943,0.00208291,0.00216902,0.0022454,0.0023098,0.00236014,0.00239472,0.00241233,0.00241233,0.00239472,0.00236014,0.0023098,0.0022454,0.00216902,0.00208291,0.00198943,
    0.00193911,0.00202862,0.00211097,0.00218395,0.0022454,0.00229341,0.00232637,0.00234315,0.00234315,0.00232637,0.00229341,0.0022454,0.00218395,0.00211097,0.00202862,0.00193911,
    0.00187912,0.001964,0.00204197,0.00211097,0.00216902,0.00221432,0.0022454,0.00226122,0.00226122,0.0022454,0.00221432,0.00216902,0.00211097,0.00204197,0.001964,0.00187912,
    0.00181111,0.00189087,0.001964,0.00202862,0.00208291,0.00212524,0.00215426,0.00216902,0.00216902,0.00215426,0.00212524,0.00208291,0.00202862,0.001964,0.00189087,0.00181111,
    0.00173681,0.00181111,0.00187912,0.00193911,0.00198943,0.00202862,0.00205547,0.00206912,0.00206912,0.00205547,0.00202862,0.00198943,0.00193911,0.00187912,0.00181111,0.00173681
    };
    return( solidangle1D[GetDVerticalStrip()][GetDHorizontalStrip()] );
  }
  else if(GetDetectorNumber() == 2)
  {
    Double_t solidangle2D[16][16] = {0.00173681,0.00181111,0.00187912,0.00193911,0.00198943,0.00202862,0.00205547,0.00206912,0.00206912,0.00205547,0.00202862,0.00198943,0.00193911,0.00187912,0.00181111,0.00173681,
    0.00181111,0.00189087,0.001964,0.00202862,0.00208291,0.00212524,0.00215426,0.00216902,0.00216902,0.00215426,0.00212524,0.00208291,0.00202862,0.001964,0.00189087,0.00181111,
    0.00187912,0.001964,0.00204197,0.00211097,0.00216902,0.00221432,0.0022454,0.00226122,0.00226122,0.0022454,0.00221432,0.00216902,0.00211097,0.00204197,0.001964,0.00187912,
    0.00193911,0.00202862,0.00211097,0.00218395,0.0022454,0.00229341,0.00232637,0.00234315,0.00234315,0.00232637,0.00229341,0.0022454,0.00218395,0.00211097,0.00202862,0.00193911,
    0.00198943,0.00208291,0.00216902,0.0022454,0.0023098,0.00236014,0.00239472,0.00241233,0.00241233,0.00239472,0.00236014,0.0023098,0.0022454,0.00216902,0.00208291,0.00198943,
    0.00202862,0.00212524,0.00221432,0.00229341,0.00236014,0.00241233,0.0024482,0.00246647,0.00246647,0.0024482,0.00241233,0.00236014,0.00229341,0.00221432,0.00212524,0.00202862,
    0.00205547,0.00215426,0.0022454,0.00232637,0.00239472,0.0024482,0.00248497,0.00250371,0.00250371,0.00248497,0.0024482,0.00239472,0.00232637,0.0022454,0.00215426,0.00205547,
    0.00206912,0.00216902,0.00226122,0.00234315,0.00241233,0.00246647,0.00250371,0.00252267,0.00252267,0.00250371,0.00246647,0.00241233,0.00234315,0.00226122,0.00216902,0.00206912,
    0.00206912,0.00216902,0.00226122,0.00234315,0.00241233,0.00246647,0.00250371,0.00252267,0.00252267,0.00250371,0.00246647,0.00241233,0.00234315,0.00226122,0.00216902,0.00206912,
    0.00205547,0.00215426,0.0022454,0.00232637,0.00239472,0.0024482,0.00248497,0.00250371,0.00250371,0.00248497,0.0024482,0.00239472,0.00232637,0.0022454,0.00215426,0.00205547,
    0.00202862,0.00212524,0.00221432,0.00229341,0.00236014,0.00241233,0.0024482,0.00246647,0.00246647,0.0024482,0.00241233,0.00236014,0.00229341,0.00221432,0.00212524,0.00202862,
    0.00198943,0.00208291,0.00216902,0.0022454,0.0023098,0.00236014,0.00239472,0.00241233,0.00241233,0.00239472,0.00236014,0.0023098,0.0022454,0.00216902,0.00208291,0.00198943,
    0.00193911,0.00202862,0.00211097,0.00218395,0.0022454,0.00229341,0.00232637,0.00234315,0.00234315,0.00232637,0.00229341,0.0022454,0.00218395,0.00211097,0.00202862,0.00193911,
    0.00187912,0.001964,0.00204197,0.00211097,0.00216902,0.00221432,0.0022454,0.00226122,0.00226122,0.0022454,0.00221432,0.00216902,0.00211097,0.00204197,0.001964,0.00187912,
    0.00181111,0.00189087,0.001964,0.00202862,0.00208291,0.00212524,0.00215426,0.00216902,0.00216902,0.00215426,0.00212524,0.00208291,0.00202862,0.001964,0.00189087,0.00181111,
    0.00173681,0.00181111,0.00187912,0.00193911,0.00198943,0.00202862,0.00205547,0.00206912,0.00206912,0.00205547,0.00202862,0.00198943,0.00193911,0.00187912,0.00181111,0.00173681
    };
    return(solidangle2D[GetDVerticalStrip()][GetDHorizontalStrip()]);
  }
  else if(GetDetectorNumber() == 3)
  {
    Double_t solidangle3D[16][16] = {0.00197838,0.00207062,0.00215553,0.00223081,0.00229425,0.00234383,0.00237788,0.00239522,0.00239522,0.00237788,0.00234383,0.00229425,0.00223081,0.00215553,0.00207062,0.00197838,
    0.00201501,0.00211015,0.00219781,0.0022756,0.0023412,0.00239249,0.00242773,0.00244568,0.00244568,0.00242773,0.00239249,0.0023412,0.0022756,0.00219781,0.00211015,0.00201501,
    0.00203935,0.00213645,0.00222596,0.00230544,0.00237249,0.00242494,0.00246098,0.00247934,0.00247934,0.00246098,0.00242494,0.00237249,0.00230544,0.00222596,0.00213645,0.00203935,
    0.00205066,0.00214866,0.00223904,0.00231931,0.00238704,0.00244003,0.00247645,0.002495,0.002495,0.00247645,0.00244003,0.00238704,0.00231931,0.00223904,0.00214866,0.00205066,
    0.00204855,0.00214638,0.0022366,0.00231672,0.00238432,0.00243721,0.00247356,0.00249208,0.00249208,0.00247356,0.00243721,0.00238432,0.00231672,0.0022366,0.00214638,0.00204855,
    0.00203309,0.00212968,0.00221872,0.00229776,0.00236444,0.00241659,0.00245243,0.00247068,0.00247068,0.00245243,0.00241659,0.00236444,0.00229776,0.00221872,0.00212968,0.00203309,
    0.0020048,0.00209912,0.00218601,0.0022631,0.00232809,0.0023789,0.00241381,0.00243159,0.00243159,0.00241381,0.0023789,0.00232809,0.0022631,0.00218601,0.00209912,0.0020048,
    0.00196454,0.00205569,0.00213957,0.00221391,0.00227655,0.00232549,0.00235909,0.0023762,0.0023762,0.00235909,0.00232549,0.00227655,0.00221391,0.00213957,0.00205569,0.00196454,
    0.00191356,0.00200074,0.00208086,0.00215181,0.00221152,0.00225813,0.00229013,0.00230641,0.00230641,0.00229013,0.00225813,0.00221152,0.00215181,0.00208086,0.00200074,0.00191356,
    0.0018533,0.00193589,0.00201168,0.0020787,0.00213504,0.00217899,0.00220913,0.00222446,0.00222446,0.00220913,0.00217899,0.00213504,0.0020787,0.00201168,0.00193589,0.0018533,
    0.00178539,0.00186293,0.00193397,0.00199669,0.00204934,0.00209037,0.00211849,0.00213278,0.00213278,0.00211849,0.00209037,0.00204934,0.00199669,0.00193397,0.00186293,0.00178539,
    0.00171152,0.00178372,0.00184974,0.00190792,0.00195671,0.00199467,0.00202067,0.00203388,0.00203388,0.00202067,0.00199467,0.00195671,0.00190792,0.00184974,0.00178372,0.00171152,
    0.00163334,0.00170006,0.00176094,0.0018145,0.00185934,0.00189419,0.00191804,0.00193015,0.00193015,0.00191804,0.00189419,0.00185934,0.0018145,0.00176094,0.00170006,0.00163334,
    0.00155243,0.00161366,0.00166942,0.00171838,0.0017593,0.00179107,0.00181278,0.00182381,0.00182381,0.00181278,0.00179107,0.0017593,0.00171838,0.00166942,0.00161366,0.00155243,
    0.0014702,0.00152607,0.00157682,0.00162131,0.00165842,0.00168719,0.00170684,0.00171681,0.00171681,0.00170684,0.00168719,0.00165842,0.00162131,0.00157682,0.00152607,0.0014702,
    0.00138793,0.00143862,0.00148458,0.00152478,0.00155826,0.00158418,0.00160186,0.00161083,0.00161083,0.00160186,0.00158418,0.00155826,0.00152478,0.00148458,0.00143862,0.00138793
    };
    return(solidangle3D[GetDVerticalStrip()][GetDHorizontalStrip()]);
  }
  else if(GetDetectorNumber() == 4)
  {
    Double_t solidangle4D[16][16] = {0.00141367,0.00146596,0.00151339,0.00155491,0.00158951,0.00161631,0.00163459,0.00164387,0.00164387,0.00163459,0.00161631,0.00158951,0.00155491,0.00151339,0.00146596,0.00141367,
    0.00149605,0.00155358,0.00160588,0.00165176,0.00169005,0.00171975,0.00174003,0.00175033,0.00175033,0.00174003,0.00171975,0.00169005,0.00165176,0.00160588,0.00155358,0.00149605,
    0.00157801,0.00164095,0.00169831,0.00174871,0.00179085,0.00182357,0.00184595,0.00185731,0.00185731,0.00184595,0.00182357,0.00179085,0.00174871,0.00169831,0.00164095,0.00157801,
    0.00165822,0.00172667,0.00178916,0.00184418,0.00189026,0.00192608,0.0019506,0.00196306,0.00196306,0.0019506,0.00192608,0.00189026,0.00184418,0.00178916,0.00172667,0.00165822,
    0.00173523,0.00180912,0.00187673,0.00193636,0.00198637,0.0020253,0.00205197,0.00206553,0.00206553,0.00205197,0.0020253,0.00198637,0.00193636,0.00187673,0.00180912,0.00173523,
    0.00180741,0.00188657,0.00195914,0.00202324,0.00207707,0.00211903,0.0021478,0.00216243,0.00216243,0.0021478,0.00211903,0.00207707,0.00202324,0.00195914,0.00188657,0.00180741,
    0.0018731,0.00195718,0.00203439,0.00210269,0.00216012,0.00220494,0.00223568,0.00225132,0.00225132,0.00223568,0.00220494,0.00216012,0.00210269,0.00203439,0.00195718,0.0018731,
    0.00193062,0.00201911,0.00210049,0.00217257,0.00223325,0.00228063,0.00231316,0.00232972,0.00232972,0.00231316,0.00228063,0.00223325,0.00217257,0.00210049,0.00201911,0.00193062,
    0.00197838,0.00207062,0.00215553,0.00223081,0.00229425,0.00234383,0.00237788,0.00239522,0.00239522,0.00237788,0.00234383,0.00229425,0.00223081,0.00215553,0.00207062,0.00197838,
    0.00201501,0.00211015,0.00219781,0.0022756,0.0023412,0.00239249,0.00242773,0.00244568,0.00244568,0.00242773,0.00239249,0.0023412,0.0022756,0.00219781,0.00211015,0.00201501,
    0.00203935,0.00213645,0.00222596,0.00230544,0.00237249,0.00242494,0.00246098,0.00247934,0.00247934,0.00246098,0.00242494,0.00237249,0.00230544,0.00222596,0.00213645,0.00203935,
    0.00205066,0.00214866,0.00223904,0.00231931,0.00238704,0.00244003,0.00247645,0.002495,0.002495,0.00247645,0.00244003,0.00238704,0.00231931,0.00223904,0.00214866,0.00205066,
    0.00204855,0.00214638,0.0022366,0.00231672,0.00238432,0.00243721,0.00247356,0.00249208,0.00249208,0.00247356,0.00243721,0.00238432,0.00231672,0.0022366,0.00214638,0.00204855,
    0.00203309,0.00212968,0.00221872,0.00229776,0.00236444,0.00241659,0.00245243,0.00247068,0.00247068,0.00245243,0.00241659,0.00236444,0.00229776,0.00221872,0.00212968,0.00203309,
    0.0020048,0.00209912,0.00218601,0.0022631,0.00232809,0.0023789,0.00241381,0.00243159,0.00243159,0.00241381,0.0023789,0.00232809,0.0022631,0.00218601,0.00209912,0.0020048,
    0.00196454,0.00205569,0.00213957,0.00221391,0.00227655,0.00232549,0.00235909,0.0023762,0.0023762,0.00235909,0.00232549,0.00227655,0.00221391,0.00213957,0.00205569,0.00196454
    };
    return(solidangle4D[GetDVerticalStrip()][GetDHorizontalStrip()]);
  }
  else
  {
    std::cerr<<" Error! Solid Angle Detector Number Unrecognized.  Returning 0 for solid angle value!"<<std::endl;
    return(0.);
  }
}

Double_t TCSMHit::GetSolidAngleE()
{
  if(GetDetectorNumber() == 1)
  {
    Double_t solidangle1E[16][16] = {0.00131888,0.0013598,0.00139658,0.00142852,0.00145496,0.00147533,0.00148918,0.00149618,0.00149618,0.00148918,0.00147533,0.00145496,0.00142852,0.00139658,0.0013598,0.00131888,
    0.0013598,0.00140288,0.00144164,0.00147533,0.00150324,0.00152475,0.00153938,0.00154678,0.00154678,0.00153938,0.00152475,0.00150324,0.00147533,0.00144164,0.00140288,0.0013598,
    0.00139658,0.00144164,0.00148223,0.00151752,0.00154678,0.00156934,0.00158469,0.00159246,0.00159246,0.00158469,0.00156934,0.00154678,0.00151752,0.00148223,0.00144164,0.00139658,
    0.00142852,0.00147533,0.00151752,0.00155424,0.00158469,0.00160819,0.00162418,0.00163228,0.00163228,0.00162418,0.00160819,0.00158469,0.00155424,0.00151752,0.00147533,0.00142852,
    0.00145496,0.00150324,0.00154678,0.00158469,0.00161616,0.00164044,0.00165697,0.00166534,0.00166534,0.00165697,0.00164044,0.00161616,0.00158469,0.00154678,0.00150324,0.00145496,
    0.00147533,0.00152475,0.00156934,0.00160819,0.00164044,0.00166534,0.00168229,0.00169087,0.00169087,0.00168229,0.00166534,0.00164044,0.00160819,0.00156934,0.00152475,0.00147533,
    0.00148918,0.00153938,0.00158469,0.00162418,0.00165697,0.00168229,0.00169953,0.00170826,0.00170826,0.00169953,0.00168229,0.00165697,0.00162418,0.00158469,0.00153938,0.00148918,
    0.00149618,0.00154678,0.00159246,0.00163228,0.00166534,0.00169087,0.00170826,0.00171707,0.00171707,0.00170826,0.00169087,0.00166534,0.00163228,0.00159246,0.00154678,0.00149618,
    0.00149618,0.00154678,0.00159246,0.00163228,0.00166534,0.00169087,0.00170826,0.00171707,0.00171707,0.00170826,0.00169087,0.00166534,0.00163228,0.00159246,0.00154678,0.00149618,
    0.00148918,0.00153938,0.00158469,0.00162418,0.00165697,0.00168229,0.00169953,0.00170826,0.00170826,0.00169953,0.00168229,0.00165697,0.00162418,0.00158469,0.00153938,0.00148918,
    0.00147533,0.00152475,0.00156934,0.00160819,0.00164044,0.00166534,0.00168229,0.00169087,0.00169087,0.00168229,0.00166534,0.00164044,0.00160819,0.00156934,0.00152475,0.00147533,
    0.00145496,0.00150324,0.00154678,0.00158469,0.00161616,0.00164044,0.00165697,0.00166534,0.00166534,0.00165697,0.00164044,0.00161616,0.00158469,0.00154678,0.00150324,0.00145496,
    0.00142852,0.00147533,0.00151752,0.00155424,0.00158469,0.00160819,0.00162418,0.00163228,0.00163228,0.00162418,0.00160819,0.00158469,0.00155424,0.00151752,0.00147533,0.00142852,
    0.00139658,0.00144164,0.00148223,0.00151752,0.00154678,0.00156934,0.00158469,0.00159246,0.00159246,0.00158469,0.00156934,0.00154678,0.00151752,0.00148223,0.00144164,0.00139658,
    0.0013598,0.00140288,0.00144164,0.00147533,0.00150324,0.00152475,0.00153938,0.00154678,0.00154678,0.00153938,0.00152475,0.00150324,0.00147533,0.00144164,0.00140288,0.0013598,
    0.00131888,0.0013598,0.00139658,0.00142852,0.00145496,0.00147533,0.00148918,0.00149618,0.00149618,0.00148918,0.00147533,0.00145496,0.00142852,0.00139658,0.0013598,0.00131888
    };
    return(solidangle1E[GetEVerticalStrip()][GetEHorizontalStrip()]);
  }
  else if(GetDetectorNumber() == 2)
  {
    Double_t solidangle2E[16][16] = {0.00131888,0.0013598,0.00139658,0.00142852,0.00145496,0.00147533,0.00148918,0.00149618,0.00149618,0.00148918,0.00147533,0.00145496,0.00142852,0.00139658,0.0013598,0.00131888,
    0.0013598,0.00140288,0.00144164,0.00147533,0.00150324,0.00152475,0.00153938,0.00154678,0.00154678,0.00153938,0.00152475,0.00150324,0.00147533,0.00144164,0.00140288,0.0013598,
    0.00139658,0.00144164,0.00148223,0.00151752,0.00154678,0.00156934,0.00158469,0.00159246,0.00159246,0.00158469,0.00156934,0.00154678,0.00151752,0.00148223,0.00144164,0.00139658,
    0.00142852,0.00147533,0.00151752,0.00155424,0.00158469,0.00160819,0.00162418,0.00163228,0.00163228,0.00162418,0.00160819,0.00158469,0.00155424,0.00151752,0.00147533,0.00142852,
    0.00145496,0.00150324,0.00154678,0.00158469,0.00161616,0.00164044,0.00165697,0.00166534,0.00166534,0.00165697,0.00164044,0.00161616,0.00158469,0.00154678,0.00150324,0.00145496,
    0.00147533,0.00152475,0.00156934,0.00160819,0.00164044,0.00166534,0.00168229,0.00169087,0.00169087,0.00168229,0.00166534,0.00164044,0.00160819,0.00156934,0.00152475,0.00147533,
    0.00148918,0.00153938,0.00158469,0.00162418,0.00165697,0.00168229,0.00169953,0.00170826,0.00170826,0.00169953,0.00168229,0.00165697,0.00162418,0.00158469,0.00153938,0.00148918,
    0.00149618,0.00154678,0.00159246,0.00163228,0.00166534,0.00169087,0.00170826,0.00171707,0.00171707,0.00170826,0.00169087,0.00166534,0.00163228,0.00159246,0.00154678,0.00149618,
    0.00149618,0.00154678,0.00159246,0.00163228,0.00166534,0.00169087,0.00170826,0.00171707,0.00171707,0.00170826,0.00169087,0.00166534,0.00163228,0.00159246,0.00154678,0.00149618,
    0.00148918,0.00153938,0.00158469,0.00162418,0.00165697,0.00168229,0.00169953,0.00170826,0.00170826,0.00169953,0.00168229,0.00165697,0.00162418,0.00158469,0.00153938,0.00148918,
    0.00147533,0.00152475,0.00156934,0.00160819,0.00164044,0.00166534,0.00168229,0.00169087,0.00169087,0.00168229,0.00166534,0.00164044,0.00160819,0.00156934,0.00152475,0.00147533,
    0.00145496,0.00150324,0.00154678,0.00158469,0.00161616,0.00164044,0.00165697,0.00166534,0.00166534,0.00165697,0.00164044,0.00161616,0.00158469,0.00154678,0.00150324,0.00145496,
    0.00142852,0.00147533,0.00151752,0.00155424,0.00158469,0.00160819,0.00162418,0.00163228,0.00163228,0.00162418,0.00160819,0.00158469,0.00155424,0.00151752,0.00147533,0.00142852,
    0.00139658,0.00144164,0.00148223,0.00151752,0.00154678,0.00156934,0.00158469,0.00159246,0.00159246,0.00158469,0.00156934,0.00154678,0.00151752,0.00148223,0.00144164,0.00139658,
    0.0013598,0.00140288,0.00144164,0.00147533,0.00150324,0.00152475,0.00153938,0.00154678,0.00154678,0.00153938,0.00152475,0.00150324,0.00147533,0.00144164,0.00140288,0.0013598,
    0.00131888,0.0013598,0.00139658,0.00142852,0.00145496,0.00147533,0.00148918,0.00149618,0.00149618,0.00148918,0.00147533,0.00145496,0.00142852,0.00139658,0.0013598,0.00131888
    };
    return(solidangle2E[GetEVerticalStrip()][GetEHorizontalStrip()]);
  }
  else
  {
    std::cerr<<" Error! Solid Angle Detector Number Unrecognized.  Returning 0 for solid angle value!"<<std::endl;
    return(0.);
  }
}

bool TCSMHit::IsotopeSet()
{
  if(GetIsotope() == "default")
    return 0;
  else
    return 1;
}

void TCSMHit::Clear(Option_t *options)	{
//Sets all private variables to their defaults.
//NOTE:  defaults aren't always 0!
   hor_d_strip 	= -1;
   hor_d_charge = 0;
   hor_d_cfd    = 0.0;
	
   ver_d_strip  = -1;
   ver_d_charge	= 0;
   ver_d_cfd	= 0.0;      
	
   hor_e_strip  = -1;
   hor_e_charge = 0;
   hor_e_cfd    = 0.0;
	
   ver_e_strip  = -1;
   ver_e_charge = 0;
   ver_e_cfd    = 0.0;

   hor_d_energy = 0.0;   
   ver_d_energy = 0.0;   
   hor_d_time   = 0.0;   
   ver_d_time   = 0.0;   
   d_position.SetXYZ(0,0,1);
	
   hor_e_energy = 0.0;
   ver_e_energy = 0.0;
   hor_e_time   = 0.0;
   ver_e_time   = 0.0;
   e_position.SetXYZ(0,0,1);

   isotope_mass = -1;
   isotope_element = "default";

   triggerid = -1;

   detectornumber = 0;	//
}

Double_t TCSMHit::GetDthickness() const
{
  double CSMthick[2][16][16]={
    36.45,36.35,35.85,35.85,35.65,35.45,35.05,35.15,34.85,35.35,35.05,34.95,35.65,34.55,34.35,31.95,
    39.25,39.65,38.85,38.25,37.75,36.55,35.85,35.25,34.35,34.75,35.35,35.25,36.45,34.75,33.55,28.85,
    38.85,39.05,38.45,38.25,37.45,36.45,35.15,34.25,33.45,33.75,34.05,34.25,35.25,34.65,32.85,31.25,
    38.15,38.05,37.55,36.85,35.85,35.55,34.55,33.45,32.95,33.25,33.45,33.65,34.15,34.15,32.95,31.45,
    36.75,36.95,35.95,35.85,34.65,34.75,34.85,33.65,33.15,33.15,33.15,33.45,33.65,33.85,33.25,31.95,
    36.25,36.45,35.75,35.35,34.35,34.75,34.65,34.35,33.55,33.05,33.15,33.05,33.35,33.65,33.95,32.75,
    36.75,36.45,35.75,35.45,34.95,34.65,34.95,35.15,34.65,33.55,33.55,32.95,33.55,33.15,33.85,32.75,
    37.05,36.35,35.55,35.45,35.05,34.45,34.75,37.15,37.05,34.15,33.85,33.15,33.35,32.35,32.95,31.65,
    37.45,36.35,35.25,35.45,34.85,34.65,34.95,36.65,36.45,33.65,33.25,33.05,32.95,32.05,32.35,31.05,
    37.05,36.05,35.05,35.35,35.05,35.05,34.75,34.35,33.55,32.85,33.25,33.55,33.05,32.15,32.55,31.65,
    37.25,36.95,35.15,35.15,34.95,34.95,34.55,33.75,32.95,32.75,33.55,34.05,33.55,32.85,33.25,32.35,
    36.95,36.15,35.05,35.25,35.35,35.35,35.15,34.65,33.75,33.75,34.65,35.35,34.85,34.05,34.75,32.55,
    37.05,37.05,36.05,35.95,36.15,35.95,35.95,35.95,35.75,35.25,35.15,35.65,35.55,35.25,35.35,28.75,
    37.95,38.35,37.35,36.95,36.65,36.55,36.75,36.75,36.45,36.45,35.45,35.45,36.15,35.55,35.85,30.95,
    38.65,38.75,37.65,36.95,36.25,36.55,36.55,36.95,36.65,36.55,36.05,35.05,35.75,35.55,35.95,28.65,
    39.35,39.25,38.25,37.75,36.55,36.75,26.55,30.15,29.45,25.45,29.75,30.35,30.75,34.95,31.55,28.85,
    
    44.45,44.05,43.35,43.75,38.55,38.25,41.95,37.15,37.45,35.85,37.75,39.15,38.35,38.35,46.25,47.75,
    43.05,43.35,43.05,43.25,44.35,42.75,41.95,42.35,42.05,34.55,42.25,43.35,43.65,44.15,45.25,46.55,
    28.95,40.35,39.55,38.75,37.95,36.85,36.85,36.85,36.05,35.45,37.45,36.95,36.35,37.45,38.05,38.35,
    41.55,41.35,41.75,41.65,41.65,42.85,42.75,42.25,41.45,42.55,41.55,41.65,41.85,42.85,43.85,44.75,
    41.55,41.15,41.25,41.45,41.15,42.15,42.55,42.05,39.85,40.95,41.25,41.05,41.35,42.65,43.15,43.75,
    42.25,41.55,40.85,41.45,40.95,41.15,42.25,40.25,39.75,0,0,41.15,41.25,42.05,42.35,43.15,
    42.25,41.65,40.45,40.75,40.55,40.05,40.85,41.15,39.85,41.55,39.95,40.85,41.25,41.65,41.75,41.95,
    42.35,42.05,40.95,40.55,40.85,40.15,39.75,41.75,40.95,25.15,39.75,41.15,40.95,40.85,40.95,41.45,
    42.65,42.15,41.45,40.75,40.45,40.65,39.95,40.55,40.55,40.35,39.65,40.55,40.05,40.35,40.65,41.05,
    43.05,42.25,41.75,41.35,40.35,40.55,40.05,39.75,40.15,39.95,39.35,39.25,39.85,40.25,40.15,40.55,
    43.75,43.15,41.55,41.45,40.45,39.95,39.95,39.55,39.85,39.85,40.35,39.35,39.35,40.35,40.35,40.55,
    44.55,44.25,42.05,42.05,40.85,40.15,40.25,40.15,40.25,40.35,40.85,40.15,40.15,41.45,41.65,41.75,
    44.55,44.25,43.35,42.55,41.55,40.55,40.65,40.65,40.15,40.35,41.55,40.75,40.75,41.85,42.25,42.35,
    45.15,44.65,44.05,42.85,42.15,41.45,41.25,40.95,40.65,41.15,41.75,41.85,41.15,42.05,42.95,43.35,
    45.55,45.05,44.65,44.05,42.55,42.25,41.95,41.45,41.45,42.05,42.15,43.15,42.35,42.25,43.25,44.25,
    42.25,42.65,46.35,43.45,41.95,41.75,41.75,40.95,41.05,41.65,41.35,43.15,42.55,42.45,43.25,44.55,
  };
    
  return CSMthick[GetDetectorNumber()-1][GetDVerticalStrip()][GetDHorizontalStrip()];
}


Double_t TCSMHit::GetDEnergy() const
{
  bool debug = 0;
  bool trustVertical = 1;
  bool trustHoriztonal = 1;
  
  switch(GetDetectorNumber())
  {
    case 1:
    switch(GetDHorizontalStrip())
    {
      case 6:
      case 9:
      trustHoriztonal = 0;
      break;
    }
    break;

    case 2:
    switch(GetDHorizontalStrip())
    {
      //case 8:
      case 9:
      case 10:
      trustHoriztonal = 0;
      break;
    }
    switch(GetDVerticalStrip())
    {
      case 5:
      trustVertical = 0;
      break;
    }
    break;

    case 3:
      switch(GetDHorizontalStrip())
      {
	case 12:
	case 15:
	  trustHoriztonal = 0;
	  break;
      }
    break;

    case 4:

    break;

    default:
